0 0.368903 0.301411 0.068665 0.130511
0 0.741842 0.308466 0.088407 0.114638
0 0.646569 0.304056 0.095273 0.068783
0 0.534129 0.300088 0.084974 0.104938
0 0.450443 0.290829 0.096132 0.134039
0 0.274917 0.351675 0.072957 0.095238
0 0.182648 0.329630 0.094415 0.119929
0 0.073449 0.477844 0.104929 0.171296
0 0.701674 0.550066 0.144198 0.167328
1 0.160032 0.830952 0.253633 0.320106
1 0.386791 0.776431 0.223670 0.355219
1 0.556305 0.866077 0.139282 0.170875
1 0.693539 0.773064 0.205645 0.343434
1 0.875506 0.714226 0.203187 0.423401
1 0.495349 0.603872 0.181886 0.213805
1 0.692801 0.515067 0.309697 0.266835
1 0.264305 0.553788 0.290034 0.243266